NAME : projet/phase5/images/solutions/abstract-light-painting_hk_new_tour.txt
COMMENT : LENGHT = 1.2366712e7
TYPE : TOUR
DIMENSION : 601
TOUR_SECTION
78
165
195
133
78
422
133
55
177
177
57
357
57
165
24
217
24
235
330
12
235
290
182
489
260
277
260
182
26
515
26
284
12
4
104
325
296
152
285
4
152
245
55
469
407
117
106
106
117
451
199
151
151
208
199
208
69
309
69
116
292
215
35
187
42
35
116
423
187
359
475
13
216
359
289
289
371
502
298
298
403
347
299
102
347
402
229
102
66
66
339
392
46
85
228
228
46
297
85
274
323
95
95
243
70
70
343
392
417
94
115
94
115
127
306
163
127
134
273
273
6
214
93
6
93
134
397
267
307
22
22
167
253
361
25
237
79
38
38
79
25
16
293
130
455
130
146
16
65
98
65
281
377
258
405
258
75
75
234
145
145
540
419
424
318
558
59
44
44
512
300
335
119
119
234
259
233
280
196
196
244
315
345
244
21
21
160
255
255
13
233
239
239
344
71
71
344
319
54
538
54
308
308
8
251
23
8
23
319
253
175
265
175
2
523
353
353
122
122
511
192
192
482
265
2
162
172
27
184
27
184
250
252
172
546
61
61
252
516
279
11
11
80
129
221
129
99
19
248
144
33
19
541
168
168
473
231
226
248
231
401
236
84
84
518
158
158
272
326
383
264
272
7
263
442
40
40
150
450
450
517
166
351
7
124
442
226
124
183
429
183
429
120
109
155
155
327
109
370
370
327
418
427
447
34
34
76
87
135
76
420
87
410
232
232
121
412
121
45
362
304
275
247
142
142
48
454
48
247
39
398
39
352
352
15
100
354
15
354
314
56
487
203
203
92
97
97
3
201
3
64
89
89
72
72
10
10
31
31
164
128
164
291
90
246
246
453
90
37
5
5
37
73
73
204
63
400
63
180
180
466
68
68
459
88
92
350
276
276
350
340
161
67
88
110
110
256
365
114
262
41
114
256
440
386
81
81
41
193
170
170
148
137
67
210
154
193
481
504
566
212
310
49
113
456
49
225
380
112
278
140
268
112
154
378
380
58
20
20
174
174
186
269
83
198
222
222
83
194
186
378
123
123
191
50
14
14
50
363
139
139
373
207
358
188
136
406
406
136
363
190
249
249
337
349
337
266
173
190
462
173
230
375
283
118
118
53
159
395
53
126
202
202
535
395
105
105
74
230
77
77
101
82
218
82
74
236
430
29
241
430
52
286
376
376
52
321
32
28
28
501
32
367
29
96
96
171
171
257
301
257
374
261
431
91
271
271
43
294
294
471
513
369
111
111
62
62
43
125
60
60
47
47
149
556
213
149
51
18
86
18
17
305
366
86
557
545
305
17
179
178
179
178
372
30
157
219
227
132
36
36
320
9
9
153
108
108
30
138
189
138
176
396
209
176
1
1
181
107
56
206
-1
EOF
