NAME : projet/phase5/images/solutions/tokyo-skytree-aerial_new_mean_tour.txt
COMMENT : LENGHT = 1.3825919e7
TYPE : TOUR
DIMENSION : 601
TOUR_SECTION
1
365
213
537
494
545
324
292
435
227
152
357
115
246
148
64
144
588
446
290
307
295
26
69
127
90
253
422
124
266
514
196
326
507
517
257
142
55
30
387
97
23
472
277
401
15
554
346
18
274
362
241
481
110
150
268
354
425
428
311
54
599
478
202
91
11
380
546
161
176
524
343
379
164
122
106
163
344
88
410
363
382
492
557
394
338
162
414
255
67
81
579
47
305
33
250
541
293
141
570
538
391
565
233
50
283
400
49
51
549
24
31
237
109
159
509
386
197
384
36
185
7
37
457
527
413
220
263
244
340
471
463
258
315
249
416
423
489
3
276
529
356
224
316
548
169
247
172
366
61
558
138
571
442
385
321
332
17
535
230
306
113
209
563
193
364
597
39
427
65
576
445
497
70
587
449
135
415
2
396
89
368
80
373
456
582
592
42
347
146
531
303
437
461
40
27
22
147
572
378
404
19
408
322
409
590
586
74
496
116
154
424
294
287
547
167
313
103
72
203
395
466
584
402
342
66
28
407
13
143
381
76
320
112
214
487
601
573
532
270
580
516
95
438
228
132
208
234
262
48
485
430
345
559
426
458
348
86
232
218
464
57
530
145
490
111
330
367
6
289
38
399
448
480
553
174
229
376
350
543
59
515
119
34
319
207
221
99
210
157
4
314
190
140
149
251
501
310
533
184
600
204
298
439
265
520
216
166
411
269
58
375
474
412
522
418
444
178
180
63
267
25
301
528
552
191
73
238
198
355
519
484
133
121
433
468
483
201
126
52
525
102
511
284
317
551
370
84
455
278
179
577
35
352
502
467
503
156
479
44
469
139
219
192
299
434
491
560
92
473
94
14
431
93
296
271
177
329
78
569
226
264
417
505
155
476
309
523
131
450
297
593
536
388
217
578
173
187
420
504
510
341
85
83
561
117
134
248
397
567
562
285
453
252
459
236
498
101
56
5
406
275
104
245
361
272
87
82
170
225
436
596
100
339
488
477
128
454
175
452
123
392
568
482
556
205
189
108
421
235
62
261
513
506
114
398
441
194
539
302
499
186
158
211
45
199
359
98
12
390
256
41
591
183
46
181
336
286
325
68
71
581
75
526
195
259
280
493
475
137
300
534
598
594
304
540
308
495
585
273
21
60
353
419
334
462
240
518
323
288
260
369
8
188
79
223
589
118
254
460
542
432
583
16
333
239
160
335
360
389
125
595
53
182
10
105
151
564
318
331
383
77
443
374
337
574
242
200
393
521
440
9
243
165
470
566
508
451
328
351
212
512
550
291
107
403
486
129
465
327
555
29
575
447
405
153
231
544
43
377
168
130
281
500
312
371
206
282
279
136
349
372
120
32
215
96
358
222
171
429
20
-1
EOF
